6720
6720
6720
6720
6720
6720
6720
6720
6720
6720
6720
6720
6720
6720
6720
6720
6720
6720
6720
6912
6720
6720
6720
6720
6720
6720
6720
6720
6720
6720
6720
6720
6720
6720
6720
6720
6720
6720
6720
6720
6720
6720
6720
6720
6720
6720
6720
6720
6720
6720
6720
6720
6720
6720
6720
6720
6720
6720
6720
6720
6720
6720
6720
6720
6720
6720
6720
6720
6720
6720
6720
6720
6720
6720
6720
6720
6720
6720
6720
6720
6720
6720
7680
6720
6912
6720
6720
6720
6720
6720
6720
6720
6720
6720
9600
6912
6720
6720
6720
6720
6720
6720
6720
6720
6720
6720
6720
6720
6720
6720
6720
6720
6720
6720
6720
6720
6720
6720
6720
6720
6720
6720
6720
6720
6720
6720
6720
6720
6720
6720
6912
6720
6720
6720
6720
6720
6720
6720
6720
6720
6720
6720
6720
6720
6720
6720
6720
6720
6720
6720
6720
6720
6720
6720
6720
6720
6720
6720
7680
6720
7872
6720
6720
6720
6720
6720
6720
6720
6720
6720
6912
6720
6720
6720
6720
6720
6720
6720
6720
6720
6720
6720
6720
8640
6720
6720
6720
6720
6720
6720
6720
6720
6720
6720
6720
6720
6720
6720
6720
6720
6720
6720
6720
6720
6720
